-1.134308605235199476e-02
1.753478872893423929e-03
-6.479103364668769086e-03
-6.916757886090735448e-03
-1.016244976641895136e-02
-1.075097760830491696e-02
2.395044197447976191e-03
1.448566156919262613e-03
-6.550957954987691404e-04
1.830055693396440879e-03
-7.151967941602154280e-03
-1.567908155027818162e-02
-6.379660999681830043e-03
-6.475750228009004641e-03
8.510260483179498542e-03
6.976415927685211335e-03
-1.260262851702812111e-02
3.848359687656380170e-03
-6.480336540514383854e-03
3.890910317437319948e-03
-3.275922452023463920e-03
-5.443382739155996908e-03
-4.437730377117551570e-03
-1.021420585977600611e-02
-6.838744842099285601e-04
-8.133795345733524362e-03
-5.708531443377706273e-03
-1.904964253041938407e-03
-2.991581207641903772e-03
-8.479304005506909715e-05
2.082383758011581171e-03
-1.664736448885262635e-02
1.692361938464673459e-03
-1.098977217537979237e-02
-5.600761817740332153e-03
-1.419048705512132233e-02
-3.665966000242442888e-03
2.390263829278650200e-03
-1.447306012050043889e-03
-1.286086781742453930e-02
-7.606363872609492142e-03
-1.929426775849177669e-02
2.045229650254427097e-03
-1.164613365427515958e-02
-1.173209781159454713e-02
-5.169834246154188066e-03
-1.779115424434064494e-02
-2.845886737963545035e-03
-7.877276788922377843e-03
-6.003992051512113681e-03
-2.040897724848873135e-02
-1.857633418524514985e-03
-2.698377590957146566e-05
-1.364524211595700282e-02
-9.654259370946452479e-03
-3.903273449363017355e-03
-8.105299669918205815e-03
-1.738538436117458355e-02
-5.468708531958019377e-03
1.682949473427607090e-02
-8.141104789982957224e-03
-1.262938938745059025e-02
-5.188301454872684855e-03
-7.801645098308923783e-03
-6.709365282590997598e-03
-9.264788326312349900e-03
-8.684550912014431939e-03
-6.620075323327901350e-03
7.676163268233756991e-03
-1.121515506941060843e-02
-1.343946761790382194e-02
1.868870173361560907e-03
-1.463463494878042108e-02
-6.712794505524039522e-03
-8.757553761802594483e-03
1.080557106136981150e-03
2.569181170744803955e-04
-1.275745484008398295e-02
4.633205321210090259e-03
-6.558946563659783305e-03
-9.524662751725946827e-03
-1.829295009654950763e-03
-1.439286945990387277e-02
-1.753331285677067058e-02
1.833883654064838659e-03
-1.927503915115856559e-02
-2.861531003888462092e-03
-5.005339093773472636e-03
4.105949325483017505e-03
-1.171246249520687017e-02
-1.053246679376545515e-02
-4.948353947735502009e-03
9.157329326669580785e-03
8.498832856275081657e-03
-1.464866559572363877e-02
-3.529621672551207581e-03
-7.603966354365244810e-03
-1.045977160004237655e-02
-9.071771016484299344e-03
-7.048894268366866049e-03
