-2.194424780377248006e-03
-5.911774188783667366e-03
2.020824174101708341e-05
8.558147612904147300e-05
1.174411189025232737e-03
3.500809170499986217e-03
5.466734461797174288e-04
-1.376338478935916314e-02
1.610655864565194856e-02
7.150603263270704016e-03
6.844825839158031819e-03
4.244003885021216567e-03
-1.445245042044161722e-03
5.306504175717049500e-03
4.830203106458521613e-04
9.691915756894396933e-04
-1.283232540405076843e-03
-8.656454788575545850e-04
9.386114020289123335e-04
-1.473184768884530042e-03
-5.235500623195007020e-04
-1.278801740050903571e-03
-4.437827969575010648e-03
5.957319266161691627e-03
-1.442896966970577980e-03
-1.759031807116288176e-03
-1.347974400569075006e-02
3.932715684165773336e-03
-3.700953663315251566e-03
-2.160175840993582789e-03
1.815109200313530513e-02
-3.591025323924493858e-03
1.097284844766819971e-02
1.179788095060134000e-03
-3.369826985912991683e-03
-3.378934275850080295e-03
-5.791113437619574769e-03
-6.466508556537366691e-03
-2.582733576033726611e-03
7.415977333999403467e-03
1.764346062773213951e-04
1.438396279260461055e-02
-3.323618761814643892e-04
-4.083845867866148747e-04
8.169439264672012299e-03
-7.294181876817301333e-03
-3.037270366334312178e-03
-1.813269354192150167e-03
6.014371553545737369e-04
-4.951462316604192740e-04
-1.403008775325459596e-02
-6.346801190745165328e-03
4.764641818001590090e-03
-7.245309309704524303e-03
-5.328077596100727013e-04
3.450859577453962383e-03
1.667971807944887506e-03
-1.669417964834151238e-03
-2.127952249136160227e-07
-5.845433112261681427e-03
-1.849217715521364385e-03
-5.108135538148861170e-03
-5.638675627409315584e-04
-8.680653885662905841e-03
3.815410934606387056e-03
1.484352047014028393e-04
-5.633819687529658185e-03
-3.112141756441361064e-03
9.142609681233399227e-04
-2.037268577381453043e-03
9.007119323595765698e-03
-3.140608517093081489e-03
-5.711308650360388817e-03
-3.572837723037528435e-03
-1.400188185977923726e-03
-5.003967979457540904e-03
-5.664626508844980987e-04
5.472898278277960916e-03
9.391597272748291843e-04
1.023112741047264504e-02
-6.398602929695786264e-03
2.910320738223143517e-04
-4.761753852552374697e-03
-5.697225577133669620e-04
2.001187482762502995e-02
-1.771350922872626504e-03
-1.409508195989761818e-04
-2.205937646849058520e-03
7.190609352584614866e-03
3.963235087115494354e-03
-2.556057617490674078e-03
1.678579644206288149e-02
8.451593648923576632e-03
2.866905455224999836e-04
-1.443642098425853811e-04
-1.531311127248344067e-03
6.348099468270293477e-03
-1.736709412234206098e-03
-1.772132182184673428e-03
-2.797675239852505380e-03
