4.189453478293976574e-02
-3.449303552727188155e-03
-2.108816418597367175e-03
-8.257070314356984922e-03
-1.725431028206583436e-02
2.095067664618073620e-03
-2.588706214758775079e-03
-2.309718990389374518e-02
-3.508694321265546853e-03
2.105063803228810274e-02
-2.382118443727130469e-02
6.834702538369347158e-03
2.557456051356404858e-03
1.007806002285172378e-02
-3.686113546371647121e-04
2.717720903848809023e-03
4.982153605584633410e-02
-1.926657716858578054e-05
2.551218234253290872e-03
4.535364115817418218e-03
1.203144133698377805e-02
1.247118436506495544e-02
-1.456238314555373566e-02
-1.327876376984796561e-02
1.177051785288118005e-02
1.585256517668335793e-02
1.884425169907986281e-02
-1.014873530870452276e-02
8.173929841224157958e-03
-1.559159470831014433e-03
-8.976729567476159077e-03
3.750228254831886911e-03
-1.860850478425212255e-03
-4.343042526364904177e-02
3.390488915051459440e-02
-7.199918996004599572e-03
1.047479170013253941e-02
4.200183519170292562e-02
-2.395815970453339314e-02
-1.771425234961218273e-02
-3.351442651239206275e-03
-3.480102619492301316e-03
7.027880556445030916e-03
-3.469543449306280829e-03
3.420183748732740989e-03
-1.039163656384086386e-02
-4.206441671273134300e-03
-1.650178265488634090e-03
3.758177250037449645e-03
1.089367589146664726e-02
6.585560253538983930e-03
-6.858505910207393814e-03
-4.715460783110740628e-03
2.205612460102624253e-02
-1.677851636145560659e-03
-2.758603880192614204e-03
-3.010740299877914198e-03
2.459020272094013249e-03
-1.295122633170438502e-03
-2.250769686497566379e-03
-6.741694024530642607e-03
-7.099752144852747608e-04
4.824474702556679102e-03
5.417614129111502155e-03
2.489322555685144836e-02
1.910035725990449212e-02
-7.479078483205042066e-03
9.790412540005689977e-04
1.268310742204291006e-02
-3.794744209573762059e-03
-3.303439508386706892e-03
4.253510956921868411e-03
-4.611102143444032429e-03
2.033041837160654355e-02
-3.625421223617319999e-02
6.548744194153837545e-03
-2.398637599529896986e-03
-2.919971923096982037e-03
2.368800850673794672e-02
2.107639842602346963e-03
-1.526204500272356282e-02
1.950052683849252955e-02
1.794571719855738833e-03
3.219318867122276853e-03
-2.093563409708514185e-03
4.119278899149195075e-04
2.333608174076858433e-03
-3.755644806118169088e-02
3.193410355382845806e-03
-2.550336380985359849e-03
-8.924661934146278092e-03
-1.692581935612769194e-03
-8.219325630191785239e-04
-1.720462878882832039e-03
-1.143560250296797240e-03
1.881756605156588305e-03
1.418400075792188931e-03
-3.832059189929472396e-03
-8.539663316566923137e-03
-4.890470536630352194e-03
