-4.574200915518352589e-02
-7.984839262934763024e-03
-2.794044725545255861e-02
1.622676526037659939e-02
1.630747200309091288e-02
4.810060114076238069e-02
3.610279569159120794e-02
-7.250354594198240611e-03
-2.451474613211468770e-02
-1.643733887845123245e-03
4.998598548777483802e-02
7.844510270755557582e-03
1.246913313661039517e-03
5.763453613798266706e-02
3.010312533356979126e-02
6.357071043739383198e-02
2.117326389234230541e-02
-5.640698594687856143e-02
-2.846110093731232804e-02
-1.635242552075762829e-02
1.055667081210769354e-01
-1.971988045712857150e-03
-3.494337578505311154e-02
-4.002480378829235443e-03
-2.469137197677943873e-02
-2.434925618473308961e-02
2.444666196904834304e-03
6.254521422859883606e-02
-2.866705627331158843e-02
-1.030289909438307158e-02
1.292307006031168624e-02
3.171681911853069594e-03
2.192392331488952906e-02
-6.118397793853272426e-03
7.575513574632837532e-02
7.550777615719836931e-03
-4.441870559453772044e-03
1.285152854939307643e-01
-9.184375587117177622e-04
2.277527415349734144e-02
3.426374707877528902e-02
2.428524269630967167e-02
3.266229438494464097e-03
9.004830327620448605e-02
4.247404259946593527e-03
2.480290901018224886e-03
1.152188915647716846e-02
-1.332267025221197526e-02
-6.001512740595370266e-03
5.538986797516952387e-02
6.936436759988819090e-02
-1.182680169137229759e-02
5.929129015860424429e-02
4.223199325639402646e-02
4.427103198233219017e-02
-1.791469895741391524e-02
1.545983870226912138e-02
-3.710570225403327679e-04
5.894339292656738255e-02
-3.504698100038840247e-02
1.620067575838929352e-02
7.111810666642886386e-03
2.096313413087986383e-02
7.702342691420738241e-02
-5.969583786215351684e-02
2.584157999182275581e-02
5.963232296162385843e-02
-1.318271710942073988e-02
-1.727044264749900623e-02
-9.763228683545507186e-03
-2.925191966623519324e-02
-1.673087955576355035e-02
-5.166173488540394369e-03
-2.207241143392331753e-02
9.774360151874560837e-03
5.857460211022891966e-03
-1.747572743617346598e-04
7.607864560145809717e-03
3.657122300998175146e-02
2.847055819258824394e-02
-9.692258426771552596e-03
-1.461738891516306538e-02
4.842783486428054590e-02
-1.979540397920986211e-02
1.764401439401988916e-02
5.286469206263981827e-03
4.166937578698252931e-02
4.180953158584624352e-02
-8.073176840260214149e-02
-5.227129800325938831e-03
1.268948740866885361e-01
5.562921996717009460e-02
1.938854721933991679e-02
9.455941655512839147e-03
6.144551648115066655e-02
-3.257410166316137157e-03
2.646124892543960314e-02
7.532453658249332884e-02
6.695138025117203240e-02
9.223439594868470398e-03
