1.341745196126196360e+00
1.374254028262053284e-01
1.139830346223033412e-02
1.982285687043303657e-01
7.813642576961526282e-03
2.340662167629323498e-01
4.767244893337684863e-01
1.061260107545490133e-01
-3.986234370276400645e-03
5.542175092798812264e-01
1.597817727797030407e-01
2.355764088081908347e-01
1.364033915811094511e-01
4.297745635754889743e-02
2.207414700999136281e-01
1.216115276178944549e-01
8.897149890779344761e-02
-9.871203133436401086e-03
4.872901234518877689e-01
1.204507658300273121e-01
4.390662754019017955e-01
1.123958032843724864e-01
1.230903145195011150e-01
9.190274105168080854e-02
2.124264618002417171e-01
4.977887342204135313e-01
3.286550121326041185e-01
6.412537617637313891e-01
3.096547607720261386e-01
1.323630183631944457e-01
6.811488737635572610e-01
2.553949435453562455e-01
1.813327201034867220e-01
2.078014319775844942e-01
2.283060303713664585e-01
1.106065166781182496e+00
4.885287893275616633e-01
8.493719745538066968e-02
6.395665269674557507e-01
1.084348585349619587e-01
1.224393492212690615e-01
3.038203378344915551e-02
2.453818108373637397e-01
1.825426769695173423e-01
8.536398796131977607e-02
3.340589368402512305e-01
3.203332355078113841e-02
1.991607192788311664e-01
3.285736610311018047e-01
1.404020006289327382e-01
8.080002055057839971e-01
4.569416449255001567e-01
3.224845171358587947e-01
7.745641636227554305e-02
6.724051234095786977e-01
1.901108456273089276e-01
8.226459154831579357e-02
6.291995416275973918e-01
9.870148358996359145e-03
6.186963245747909013e-02
6.511957355695492666e-02
2.108246811975207635e-01
8.750721954156433918e-03
5.959366823561776938e-01
3.568120998154181711e-01
4.915781060863182450e-01
3.830303763917413673e-01
4.185915380912602624e-01
1.009275584290537410e-03
3.984166949103936095e-01
2.601409538938389554e-01
6.200684217103744761e-02
9.093960633656188175e-03
1.490924701008109476e+00
1.086718096296499958e+00
1.293027317204333837e+00
1.675274924757642891e-01
4.026643241744257140e-01
6.534919507030724217e-01
6.555185980525715106e-01
3.483307730542717362e-01
3.170985885540529847e-01
1.133352089735568807e-01
1.190889667942090363e-01
1.211669987711766483e+00
-5.141088650554687632e-03
3.083589016602508726e-01
1.635013546854059696e-01
2.320592610670085820e-01
2.234987438260923331e-01
6.019262675208275626e-02
4.145116610165080345e-02
2.894404812986626774e-01
1.915399620104559220e-01
1.118506552977985014e-01
1.433694859110463959e-01
6.433767117281196102e-01
1.076761805769945873e-01
3.526963811573807783e-01
2.348500095142400934e-01
